# Blender 4.1.1
# www.blender.org
mtllib Boss.mtl
o Cube
v -2.000240 8.100000 2.124494
v -2.000240 -0.100000 2.124494
v -2.000239 8.100000 -1.875506
v -2.000239 -0.100000 -1.875506
v 1.999760 8.100000 2.124494
v 1.999760 -0.100000 2.124494
v 1.999761 8.100000 -1.875506
v 1.999761 -0.100000 -1.875506
vn -0.0000 1.0000 -0.0000
vn -0.0000 -0.0000 -1.0000
vn 1.0000 -0.0000 -0.0000
vn -0.0000 -1.0000 -0.0000
vn -1.0000 -0.0000 -0.0000
vn -0.0000 -0.0000 1.0000
vt 0.875000 0.500000
vt 0.625000 0.750000
vt 0.625000 0.500000
vt 0.375000 1.000000
vt 0.375000 0.750000
vt 0.625000 0.000000
vt 0.375000 0.250000
vt 0.375000 0.000000
vt 0.375000 0.500000
vt 0.125000 0.750000
vt 0.125000 0.500000
vt 0.625000 0.250000
vt 0.875000 0.750000
vt 0.625000 1.000000
s 0
usemtl Material
f 5/1/1 3/2/1 1/3/1
f 3/2/2 8/4/2 4/5/2
f 7/6/3 6/7/3 8/8/3
f 2/9/4 8/10/4 6/11/4
f 1/3/5 4/5/5 2/9/5
f 5/12/6 2/9/6 6/7/6
f 5/1/1 7/13/1 3/2/1
f 3/2/2 7/14/2 8/4/2
f 7/6/3 5/12/3 6/7/3
f 2/9/4 4/5/4 8/10/4
f 1/3/5 3/2/5 4/5/5
f 5/12/6 1/3/6 2/9/6
o Cube.001
v 3.999760 5.162318 3.065415
v 3.999761 1.305593 -1.530851
v 3.999760 6.694407 1.779840
v 3.999761 2.837682 -2.816426
v 5.999760 5.162318 3.065415
v 5.999761 1.305593 -1.530851
v 5.999761 6.694407 1.779840
v 5.999761 2.837682 -2.816426
vn -0.0000 0.6428 0.7660
vn -0.0000 0.7660 -0.6428
vn 1.0000 -0.0000 -0.0000
vn -0.0000 -0.6428 -0.7660
vn -1.0000 -0.0000 -0.0000
vn -0.0000 -0.7660 0.6428
vt 0.875000 0.500000
vt 0.625000 0.750000
vt 0.625000 0.500000
vt 0.375000 1.000000
vt 0.375000 0.750000
vt 0.625000 0.000000
vt 0.375000 0.250000
vt 0.375000 0.000000
vt 0.375000 0.500000
vt 0.125000 0.750000
vt 0.125000 0.500000
vt 0.625000 0.250000
vt 0.875000 0.750000
vt 0.625000 1.000000
s 0
usemtl Material.001
f 13/15/7 11/16/7 9/17/7
f 11/16/8 16/18/8 12/19/8
f 15/20/9 14/21/9 16/22/9
f 10/23/10 16/24/10 14/25/10
f 9/17/11 12/19/11 10/23/11
f 13/26/12 10/23/12 14/21/12
f 13/15/7 15/27/7 11/16/7
f 11/16/8 15/28/8 16/18/8
f 15/20/9 13/26/9 14/21/9
f 10/23/10 12/19/10 16/24/10
f 9/17/11 11/16/11 12/19/11
f 13/26/12 9/17/12 10/23/12
o Cube.002
v -6.000240 5.162318 3.065414
v -6.000239 1.305593 -1.530853
v -6.000239 6.694407 1.779838
v -6.000239 2.837682 -2.816428
v -4.000240 5.162318 3.065414
v -4.000239 1.305593 -1.530852
v -4.000239 6.694407 1.779839
v -4.000239 2.837682 -2.816427
vn -0.0000 0.6428 0.7660
vn -0.0000 0.7660 -0.6428
vn 1.0000 -0.0000 -0.0000
vn -0.0000 -0.6428 -0.7660
vn -1.0000 -0.0000 -0.0000
vn -0.0000 -0.7660 0.6428
vt 0.875000 0.500000
vt 0.625000 0.750000
vt 0.625000 0.500000
vt 0.375000 1.000000
vt 0.375000 0.750000
vt 0.625000 0.000000
vt 0.375000 0.250000
vt 0.375000 0.000000
vt 0.375000 0.500000
vt 0.125000 0.750000
vt 0.125000 0.500000
vt 0.625000 0.250000
vt 0.875000 0.750000
vt 0.625000 1.000000
s 0
usemtl Material.002
f 21/29/13 19/30/13 17/31/13
f 19/30/14 24/32/14 20/33/14
f 23/34/15 22/35/15 24/36/15
f 18/37/16 24/38/16 22/39/16
f 17/31/17 20/33/17 18/37/17
f 21/40/18 18/37/18 22/35/18
f 21/29/13 23/41/13 19/30/13
f 19/30/14 23/42/14 24/32/14
f 23/34/15 21/40/15 22/35/15
f 18/37/16 20/33/16 24/38/16
f 17/31/17 19/30/17 20/33/17
f 21/40/18 17/31/18 18/37/18
o Cube.003
v -2.000240 13.000000 2.124494
v -2.000240 9.000000 2.124494
v -2.000239 13.000000 -1.875506
v -2.000239 9.000000 -1.875506
v 1.999760 13.000000 2.124494
v 1.999760 9.000000 2.124494
v 1.999761 13.000000 -1.875506
v 1.999761 9.000000 -1.875506
vn -0.0000 1.0000 -0.0000
vn -0.0000 -0.0000 -1.0000
vn 1.0000 -0.0000 -0.0000
vn -0.0000 -1.0000 -0.0000
vn -1.0000 -0.0000 -0.0000
vn -0.0000 -0.0000 1.0000
vt 0.875000 0.500000
vt 0.625000 0.750000
vt 0.625000 0.500000
vt 0.375000 1.000000
vt 0.375000 0.750000
vt 0.625000 0.000000
vt 0.375000 0.250000
vt 0.375000 0.000000
vt 0.375000 0.500000
vt 0.125000 0.750000
vt 0.125000 0.500000
vt 0.625000 0.250000
vt 0.875000 0.750000
vt 0.625000 1.000000
s 0
usemtl Material.003
f 29/43/19 27/44/19 25/45/19
f 27/44/20 32/46/20 28/47/20
f 31/48/21 30/49/21 32/50/21
f 26/51/22 32/52/22 30/53/22
f 25/45/23 28/47/23 26/51/23
f 29/54/24 26/51/24 30/49/24
f 29/43/19 31/55/19 27/44/19
f 27/44/20 31/56/20 32/46/20
f 31/48/21 29/54/21 30/49/21
f 26/51/22 28/47/22 32/52/22
f 25/45/23 27/44/23 28/47/23
f 29/54/24 25/45/24 26/51/24
